b -5 0 10 15 0 B0026F
b 7.5 0 15 15 0 B0026G
b 21 0 12 15 0 B0026H
b -7.25 15 15.5 8 0 B0026E
b 4.5 15 8 8 0 B0026D
b 12 15 7 8 0 B0026C
b 19 15 7 8 0 B0026B
b 24.5 16.5 4 5 0 B0026A
b 28.5 16.5 4 5 0 Elevator
b -6 -10.5 6 6 0 B0017
b 0 -10.5 6 6 0 B0018
b 6 -10.5 6 6 0 B0019
b 12 -10.5 6 6 0 B0020
b 18 -10.5 6 6 0 B0021
b 24 -10.5 6 6 0 B0022
b 38 5.75 15 26.5 0 B0029
b 35.5 -10.5 10 6 0 B0023
b 43 -12.5 5 10 0 B0024
b 43 -22 5 9 0 Stairs
b 33.75 -22 13.5 9 0 B0010
b 24 -22 6 9 0 B0009
b 18 -22 6 9 0 B0008
b 12 -22 6 9 0 B0007
b 6 -22 6 9 0 B0006
b 0 -22 6 9 0 B0005
b -6 -22 6 9 0 B0004
b -29.5 5.75 29 26.5 0 B0025
b -18 -10.5 6 6 0 B0016
b -24 -10.5 6 6 0 B0015
b -30 -10.5 6 6 0 B0014
b -36 -10.5 6 6 0 B0013
b -41.5 -12.5 5 10 0 B0012
b -41.5 -22 5 9 0 Stairs
b -13.5 -22 9 9 0 B0003
b -22 -22 8 9 0 B0002
b -32.5 -22 13 9 0 B0001
f
b -41.5 -22 5 9 0 Stairs
b 43 -22 5 9 0 Stairs
b 28.5 16.5 4 5 0 Elevator
b -36.5 -22 5 9 0 0101
b -31.5 -22 5 9 0 0102
b -26.5 -22 5 9 0 0103
b -19.5 -22 9 9 0 0104
b -10.5 -22 9 9 0 0105
b -1.5 -22 9 9 0 0106
b 5.5 -22 5 9 0 0107
b 10.5 -22 5 9 0 0108
b 15.5 -22 5 9 0 0109
b 20.5 -22 5 9 0 0110
b 31.75 -22 17.5 9 0 0111
b -39.5 -8 9 9 0 0112
b -39.5 -1 9 5 0 0113
b -39.5 10.25 9 17.5 0 0123
b 38.5 -9 14 7 0 Mens Restroom
b 38.5 -2 14 7 0 Womens Restroom
b 35 4 7 5 0 0122
b 42 4 7 5 0 0122A
b 32.5 16.5 4 5 0 0130
b 40 12.75 11 12.5 0 0131
b 21.5 14 10 10 0 0127
b 5 14 23 10 0 0126
b -18.25 14 23.5 10 0 0125
b -20 -1.75 20 21.5 0 0115
b -3.5 -1.75 13 21.5 0 0115A
b 8.875 -1.75 11.75 21.5 0 0116
b 20.625 -1.75 11.75 21.5 0 0116B
f
b -41.5 -22 5 9 0 Stairs
b 43 -22 5 9 0 Stairs
b 28.5 16.5 4 5 0 Elevator
b -35.6875 -22 6.625 9 0 0201
b -29.0625 -22 6.625 9 0 0202
b -22.4375 -22 6.625 9 0 0203
b -15.8125 -22 6.625 9 0 0204
b -9.1875 -22 6.625 9 0 0205
b -2.5625 -22 6.625 9 0 0206
b 4.0625 -22 6.625 9 0 0207
b 10.6875 -22 6.625 9 0 0208
b 17.3125 -22 6.625 9 0 0209
b 23.9375 -22 6.625 9 0 0210
b 30.5625 -22 6.625 9 0 0211
b 37.1875 -22 6.625 9 0 0212
b 38.5 -9 14 7 0 Mens Restroom
b 38.5 -2 14 7 0 Womens Restroom
b 38 10.25 15 17.5 0 0223
b 23.1875 14.5 6.625 9 0 0233
b 16.5625 14.5 6.625 9 0 0232
b 9.9375 14.5 6.625 9 0 0231
b 3.3125 14.5 6.625 9 0 0230
b -3.3125 14.5 6.625 9 0 0229
b -9.9375 14.5 6.625 9 0 0228
b -36.5 -6.5 15 12 0 0213
b -36.5 9.25 15 19.5 0 0226
b -21.125 14.5 15.75 9 0 0227
b -16 -3.75 16 17.5 0 0214
b -2.5 -3.75 11 17.5 0 0215
b 8.5 -3.75 11 17.5 0 0216
b 20.25 -5 12.5 15 0 0217
b 20.25 3.75 12.5 2.5 0 Stairs
f
b 20.25 3.75 12.5 2.5 0 Stairs
b 0 -5 60 30 0 0301
